MAE: 11.531764238219827
MSE: 246.85769079666687
RMSE: 15.711705534303617
MARE: 1.0