MAE: 5.737269789271635
MSE: 132.29555946693625
RMSE: 11.501980675819981
MARE: -0.19024452694917424