MAE: 2.8794520547945206
MSE: 24.483726027397267
RMSE: 4.948103275740844
MARE: -0.5452054794520548